90.1112	1120.07	82.6111	-0.0079606944687071	-0.0017245928472782	-0.0013724277465829	0.0062361016214289	0.0065882667221242	-0.0003521651006952	0.7847807271650654	-0.1123886009375289	-0.2743396124282037	-0.0079606944687071	-0.0017245928472782	-0.0013724277465829	0.17	2.66	0.085	3837862.0	355795000.0	125410750.0	0.4763	1.1885	-0.1	130837.0	23714100.0	63116670.0	9.1	3.6667	4.7333	-48123.0	12689740000000.0	744358000000.0
89.3967	1118.14	82.4978	-0.0079606944687071	-0.0017245928472782	-0.0013724277465829	0.0062361016214289	0.0065882667221242	-0.0003521651006952	0.7847807271650654	-0.1123886009375289	-0.2743396124282037	-0.0079606944687071	-0.0017245928472782	-0.0013724277465829	0.16	2.75	0.093	3837862.0	355795000.0	125410750.0	0.4931	0.6841	0.0	131056.0	23714100.0	63116670.0	9.0	3.6667	4.7333	-44753.0	12689740000000.0	744358000000.0
88.4872	1122.45	81.7936	-0.0102258599613032	0.0038472057056591	-0.0085726253793856	0.0140730656669623	0.0016532345819175	0.0124198310850447	0.7847807271650654	-0.1123886009375289	-0.2743396124282037	-0.0079606944687071	-0.0017245928472782	-0.0013724277465829	0.14	2.92	0.085	3837862.0	355795000.0	125410750.0	0.9751	0.3892	0.3	131282.0	23714100.0	63116670.0	9.0	3.6667	4.7333	-44312.0	12689740000000.0	744358000000.0
86.9214	1086.84	83.347	-0.0178536467618375	-0.03223939301962	0.0188136148085851	-0.0143857462577825	0.0366672615704226	-0.0510530078282052	0.7847807271650654	-0.1123886009375289	-0.2743396124282037	-0.0102258599613032	0.0038472057056591	-0.0085726253793856	0.1	3.01	0.062	3889384.8	358455700.0	123585300.0	0.6439	0.0975	0.1	131597.0	24861000.0	62846670.0	9.1	3.3333	4.6667	-42685.0	5879612000000.0	-1653094000000.0
86.9464	1083.54	81.2572	0.0002875748145694	-0.0030409444825503	-0.0253931830792559	-0.0033285192971197	-0.0256807578938254	0.0223522385967056	0.7847807271650654	-0.1123886009375289	-0.2743396124282037	-0.0178536467618375	-0.03223939301962	0.0188136148085851	0.09	3.02	0.069	3889384.8	358455700.0	123585300.0	0.4704	0.1926	0.0	131704.0	24861000.0	62846670.0	9.0	3.3333	4.6667	-47725.0	5879612000000.0	-1653094000000.0
86.9412	1081.27	80.5118	-5.980875003785968e-05	-0.0020971825074607	-0.0092156751352643	-0.0020373737574228	-0.0091558663852264	0.0071184926278036	0.7847807271650654	-0.1123886009375289	-0.2743396124282037	0.0002875748145694	-0.0030409444825503	-0.0253931830792559	0.09	3.2	0.069	3889384.8	358455700.0	123585300.0	-0.1071	0.1933	-0.2	131931.0	24861000.0	62846670.0	9.1	3.3333	4.6667	-49882.0	5879612000000.0	-1653094000000.0
86.3178	1059.5	79.39736842	-0.0071961940244289	-0.020339177476492	-0.0139385331541852	-0.0131429834520631	-0.0067423391297563	-0.0064006443223068	0.7847807271650654	-0.1123886009375289	-0.2743396124282037	-5.980875003785968e-05	-0.0020971825074607	-0.0092156751352643	0.07	3.26	0.073	3911920.0	363290800.0	126142275.0	0.0886	0.4818	0.0	131993.0	24773700.0	62833330.0	9.0	3.3	4.4667	-46070.0	7814139000000.0	-665751000000.0
86.8983	1073.17	77.22086957	0.006702635300769	0.012819786669322	-0.0277954726634535	0.0061171513685529	-0.0344981079642225	0.0406152593327755	0.7847807271650654	-0.1123886009375289	-0.2743396124282037	-0.0071961940244289	-0.020339177476492	-0.0139385331541852	0.1	3.25	0.081	3911920.0	363290800.0	126142275.0	0.2758	0.6715	0.1	132125.0	24773700.0	62833330.0	9.0	3.3	4.4667	-45052.0	7814139000000.0	-665751000000.0
89.7253	1118.61	76.8375	0.0320143112135875	0.0414699577159636	-0.0049769494823195	0.009455646502376	-0.036991260695907	0.0464469071982831	0.7847807271650654	-0.1123886009375289	-0.2743396124282037	0.006702635300769	0.012819786669322	-0.0277954726634535	0.08	3.25	0.08	3911920.0	363290800.0	126142275.0	0.1518	-0.0959	0.0	132344.0	24773700.0	62833330.0	9.0	3.3	4.4667	-43477.0	7814139000000.0	-665751000000.0
90.6098	1155.45	76.772	0.0098095943918252	0.032403035373445	-0.0008528118894961	0.0225934409816197	-0.0106624062813214	0.0332558472629411	0.7847807271650654	-0.1123886009375289	-0.2743396124282037	0.0320143112135875	0.0414699577159636	-0.0049769494823195	0.07	3.24	0.081	3960564.8	371034100.0	126270050.0	-0.2063	-0.1898	0.1	132553.0	24756970.0	62933330.0	8.8	3.2333	4.4667	-45509.0	8207527000000.0	-1165549000000.0
91.2649	1132.31	77.5794	0.0072038918342114	-0.0202300846043526	0.0104619376862329	-0.027433976438564	0.0032580458520214	-0.0306920222905855	0.7847807271650654	-0.1123886009375289	-0.2743396124282037	0.0098095943918252	0.032403035373445	-0.0008528118894961	0.08	3.26	0.077	3960564.8	371034100.0	126270050.0	-0.0844	0.0951	-0.6	132690.0	24756970.0	62933330.0	8.6	3.2333	4.4667	-47460.0	8207527000000.0	-1165549000000.0
92.2056	1147.45	77.8586	0.0102545994413612	0.0132822951378885	0.0035924329992615	0.0030276956965273	-0.0066621664420996	0.0096898621386269	0.7847807271650654	-0.1123886009375289	-0.2743396124282037	0.0072038918342114	-0.0202300846043526	0.0104619376862329	0.07	3.26	0.078	3960564.8	371034100.0	126270050.0	-0.2467	0.3811	0.0	132888.0	24756970.0	62933330.0	8.5	3.2333	4.4667	-49473.0	8207527000000.0	-1165549000000.0
91.6463	1145.85	76.9783	-0.0060842637509717	-0.0013953693451425	-0.0113707970754672	0.0046888944058292	-0.0052865333244955	0.0099754277303247	0.7847807271650654	-0.1123886009375289	-0.2743396124282037	0.0102545994413612	0.0132822951378885	0.0035924329992615	0.08	3.26	0.08	4017201.3	373759200.0	128038600.0	0.44	0.3994	0.2	133245.0	24222900.0	62770000.0	8.3	3.3	4.5	-50126.0	6966941000000.0	-1323598000000.0
89.9605	1123.35	78.392	-0.0185659173927845	-0.0198314272919928	0.0181983173798583	-0.0012655098992082	0.0367642347726429	-0.0380297446718511	0.8106745041735793	-0.2728423472907026	-0.3635110273279504	-0.0060842637509717	-0.0013953693451425	-0.0113707970754672	0.1	3.25	0.085	4017201.3	373759200.0	128038600.0	0.4403	0.3792	0.2	133508.0	24222900.0	62770000.0	8.3	3.3	4.5	-42780.0	6966941000000.0	-1323598000000.0
90.5112	1125.9	82.4347619	0.0061029148532458	0.0022674234455992	0.050285334339188	-0.0038354914076466	0.0441824194859421	-0.0480179108935887	0.8468855411787631	-0.1406403684788442	-0.2297441497337271	-0.0185659173927845	-0.0198314272919928	0.0181983173798583	0.13	3.25	0.084	4017201.3	373759200.0	128038600.0	0.7595	0.0284	0.5	133748.0	24222900.0	62770000.0	8.2	3.3	4.5	-49749.0	6966941000000.0	-1323598000000.0
90.8156	1135.55	81.4895	0.0033574770629547	0.0085343992325173	-0.0115330380815752	0.0051769221695625	-0.0148905151445299	0.0200674373140925	0.8032715948040016	-0.0233458556381723	-0.135659824710512	0.0061029148532458	0.0022674234455992	0.050285334339188	0.14	3.25	0.075	4051778.8	374345700.0	126240100.0	0.3021	-0.0098	0.1	133825.0	25299970.0	62733330.0	8.2	3.2	4.4	-46842.0	7636460000000.0	-1972897000000.0
92.4928	1154.27	79.7155	0.0182997266333613	0.0163509944641697	-0.022010131406243	-0.0019487321691915	-0.0403098580396044	0.0383611258704128	0.8036785603285264	-0.1510649386083459	-0.2282727026739563	0.0033574770629547	0.0085343992325173	-0.0115330380815752	0.16	3.26	0.084	4051778.8	374345700.0	126240100.0	-0.1173	0.179	-0.3	133933.0	25299970.0	62733330.0	8.2	3.2	4.4	-45106.0	7636460000000.0	-1972897000000.0
93.8809	1165.51	79.32142857	0.014896153992284	0.0096906499418123	-0.0049557324836735	-0.0052055040504717	-0.0198518864759575	0.0146463824254858	0.79378398771232	-0.1759782461285312	-0.2473418514729726	0.0182997266333613	0.0163509944641697	-0.022010131406243	0.16	3.26	0.076	4051778.8	374345700.0	126240100.0	-0.1466	-0.1417	-0.5	134012.0	25299970.0	62733330.0	8.2	3.2	4.4	-42941.0	7636460000000.0	-1972897000000.0
93.4062	1143.36	78.983	-0.0050692334553215	-0.019187463612539	-0.0042756742642726	-0.0141182301572175	0.0007935591910488	-0.0149117893482664	0.7858967430571991	-0.2300967014565719	-0.3128070476185354	0.014896153992284	0.0096906499418123	-0.0049557324836735	0.16	3.08	0.084	4079885.3	376166800.0	125664575.0	-0.163	-0.2259	-0.3	134157.0	25251630.0	62820000.0	8.2	3.1667	4.2333	-42406.0	8420468000000.002	-1847253000000.0
92.5283	1131.69	78.66478261	-0.0094431805155741	-0.0102592051662169	-0.0040370732391243	-0.0008160246506427	0.0054061072764497	-0.0062221319270925	0.8012329641320698	-0.2044502917707688	-0.2671757868993635	-0.0050692334553215	-0.019187463612539	-0.0042756742642726	0.13	3.0	0.086	4079885.3	376166800.0	125664575.0	0.5565	0.4626	0.1	134338.0	25251630.0	62820000.0	8.1	3.1667	4.2333	-44030.0	8420468000000.002	-1847253000000.0
90.9802	1124.78	78.16777778	-0.0168726432476296	-0.006124629709344	-0.0063380524111105	0.0107480135382855	0.010534590836519	0.0002134227017664	0.664879027381804	-0.0910947932906041	-0.2300836235523485	-0.0094431805155741	-0.0102592051662169	-0.0040370732391243	0.14	2.99	0.085	4079885.3	376166800.0	125664575.0	0.4462	0.7153	0.1	134517.0	25251630.0	62820000.0	7.8	3.1667	4.2333	-38794.0	8420468000000.002	-1847253000000.0
90.7566	1106.93	78.96863636	-0.0024607026515912	-0.0159970432158713	0.0101932517504694	-0.0135363405642801	0.0126539544020607	-0.0261902949663408	0.6736782646019988	-0.0927780478272264	-0.2857573944371519	-0.0168726432476296	-0.006124629709344	-0.0063380524111105	0.16	2.8	0.085	4105104.8	380402400.0	125581900.0	-0.0389	-0.187	0.0	134668.0	25044670.0	62850000.0	7.8	3.1333	4.1667	-41467.0	10423760000000.0	-1766698000000.0
91.4751	1087.52	80.792	0.0078856063263472	-0.0176905431452842	0.0228271851870802	-0.0255761494716315	0.0149415788607329	-0.0405177283323645	0.6895684455859149	-0.0493504546207229	-0.333992912977375	-0.0024607026515912	-0.0159970432158713	0.0101932517504694	0.16	2.75	0.086	4105104.8	380402400.0	125581900.0	-0.4738	-0.3552	-0.4	134825.0	25044670.0	62850000.0	7.7	3.1333	4.1667	-45332.0	10423760000000.0	-1766698000000.0
90.8804	1076.97	83.57777778	-0.0065224477279288	-0.009748331983105	0.0338997180023499	-0.0032258842551762	0.0404221657302787	-0.043648049985455	0.6652489492243925	-0.1063491688862641	-0.3771661701616969	0.0078856063263472	-0.0176905431452842	0.0228271851870802	0.16	2.75	0.082	4105104.8	380402400.0	125581900.0	-0.2693	0.1782	0.0	135074.0	25044670.0	62850000.0	7.9	3.1333	4.1667	-36334.0	10423760000000.0	-1766698000000.0
90.8255	1065.35	89.16	-0.0006042731872826	-0.0108481589638476	0.0646548397910624	-0.0102438857765649	0.065259112978345	-0.07550299875491	0.6822138854958664	-0.1117457055977411	-0.3598012591229295	-0.0065224477279288	-0.009748331983105	0.0338997180023499	0.14	2.76	0.083	4162047.3	385330900.0	127103025.0	0.2957	0.5999	0.1	135257.0	24412430.0	63036670.0	8.0	3.1333	4.2	-40135.0	10262560000000.0	-2566885000000.0
91.5509	1086.68	93.16611111	0.0079550185814856	0.0198237929046429	0.0439515323504524	0.0118687743231573	0.0359965137689668	-0.0241277394458094	0.62666760248193	-0.0156619692088508	-0.1144766331032438	-0.0006042731872826	-0.0108481589638476	0.0646548397910624	0.15	2.75	0.08	4162047.3	385330900.0	127103025.0	0.819	0.3343	-0.2	135545.0	24412430.0	63036670.0	7.7	3.1333	4.2	-41004.0	10262560000000.0	-2566885000000.0
92.4132	1102.2	94.78842105	0.0093747238215771	0.0141810058931159	0.0172632201102729	0.0048062820715388	0.0078884962886958	-0.0030822142171569	0.6464364499207583	-0.062553958364794	-0.1420987263033046	0.0079550185814856	0.0198237929046429	0.0439515323504524	0.14	2.74	0.08	4162047.3	385330900.0	127103025.0	0.2615	-0.0924	0.2	135689.0	24412430.0	63036670.0	7.5	3.1333	4.2	-34314.0	10262560000000.0	-2566885000000.0
92.0478	1121.83	97.6995	-0.0039618182482286	0.0176530980024116	0.0302491803499806	0.0216149162506402	0.0342109985982093	-0.012596082347569	0.536481690809538	-0.0781196004737711	-0.0024997331934155	0.0093747238215771	0.0141810058931159	0.0172632201102729	0.15	2.75	0.07	4182171.8	390551300.0	128300500.0	-0.104	-0.1388	0.3	135873.0	25539330.0	63180000.0	7.6	3.0333	4.0333	-38487.0	13374490000000.0	-2731399000000.0
92.529	1110.67	101.082	0.0052141015576436	-0.0099978436369463	0.0340356273037478	-0.01521194519459	0.0288215257461041	-0.0440334709406942	0.4011889574537041	0.2397784515774514	0.1639300864264014	-0.0039618182482286	0.0176530980024116	0.0302491803499806	0.11	2.55	0.07	4182171.8	390551300.0	128300500.0	0.178	0.0	0.1	136095.0	25539330.0	63180000.0	7.5	3.0333	4.0333	-41701.0	13374490000000.0	-2731399000000.0
93.2836	1135.21	97.33111111	0.0081222064426613	0.0218542190128703	-0.0378133863542267	0.0137320125702089	-0.045935592796888	0.059667605367097	0.4151605365881993	0.171566287112707	-0.1062632191857295	0.0052141015576436	-0.0099978436369463	0.0340356273037478	0.09	2.49	0.07	4182171.8	390551300.0	128300500.0	0.24	-0.1217	0.0	136279.0	25539330.0	63180000.0	7.5	3.0333	4.0333	-34426.0	13374490000000.0	-2731399000000.0
93.8724	1127.23	99.75052632	0.0062920979564902	-0.0070543599768644	0.0245536498691345	-0.0133464579333546	0.0182615519126443	-0.0316080098459989	0.3457408524412323	0.1454251741799226	-0.2135107690847553	0.0081222064426613	0.0218542190128703	-0.0378133863542267	0.09	2.48	0.07	4238459.5	395650500.0	129737350.0	0.0394	0.2146	0.2	136391.0	25631870.0	63246670.0	7.3	3.1333	3.9333	-36356.0	13421610000000.0	-2557666000000.0
93.7149	1116.98	97.87	-0.0016792185506115	-0.0091346810446575	-0.0190322647093017	-0.0074554624940459	-0.0173530461586901	0.0098975836646442	0.3139641155377043	0.089292928575298	-0.1823442687082409	0.0062920979564902	-0.0070543599768644	0.0245536498691345	0.08	2.5	0.07	4238459.5	395650500.0	129737350.0	0.1203	0.3541	0.3	136646.0	25631870.0	63246670.0	7.2	3.1333	3.9333	-36617.0	13421610000000.0	-2557666000000.0
93.4706	1087.35	99.27888889	-0.0026102463995254	-0.0268850713909518	0.0142928817158995	-0.0242748249914264	0.016903128115425	-0.0411779531068514	0.4154778122874946	-0.1360798391574026	-0.1666520533606556	-0.0016792185506115	-0.0091346810446575	-0.0190322647093017	0.08	2.5	0.07	4238459.5	395650500.0	129737350.0	0.1163	0.1941	0.3	136821.0	25631870.0	63246670.0	7.2	3.1333	3.9333	-39917.0	13421610000000.0	-2557666000000.0
92.4993	1066.8	97.82142857	-0.0104458714236379	-0.0190800301071369	-0.0147892900803574	-0.008634158683499	-0.0043434186567195	-0.0042907400267795	0.4643752430869007	0.068756689823642	-0.0739522506737379	-0.0026102463995254	-0.0268850713909518	0.0142928817158995	0.09	2.5	0.07	4298004.8	399405500.0	129675425.0	-0.2575	-0.3051	0.1	137041.0	25613800.0	63590000.0	7.2	3.1333	3.8667	-36285.0	12899120000000.0	-3667727000000.0
93.3737	1062.82	99.78833333	0.009408644077796	-0.0037377603832284	0.0199076169097498	-0.0131464044610245	0.0104989728319537	-0.0236453772929783	0.5422308383102133	0.0605328559798665	-0.0623344865701292	-0.0104458714236379	-0.0190800301071369	-0.0147892900803574	0.08	2.5	0.07	4298004.8	399405500.0	129675425.0	-0.2042	-0.0193	0.0	137316.0	25613800.0	63590000.0	6.9	3.1333	3.8667	-33983.0	12899120000000.0	-3667727000000.0
93.534	1056.67	103.4115789	0.0017152855586255	-0.0058032991522578	0.0356656614465924	-0.0075185847108834	0.0339503758879669	-0.0414689605988503	0.5304454082562524	0.1312544672844836	-0.0515145254311653	0.009408644077796	-0.0037377603832284	0.0199076169097498	0.09	2.5	0.07	4298004.8	399405500.0	129675425.0	-0.0086	0.1214	0.1	137373.0	25613800.0	63590000.0	6.7	3.1333	3.8667	-33636.0	12899120000000.0	-3667727000000.0
94.4648	1064.75	103.935	0.0099022717781815	0.0076175760309498	0.0050487663178415	-0.0022846957472317	-0.00485350546034	0.0025688097131082	0.5332106843940216	0.1997489460681234	0.0333268712659082	0.0017152855586255	-0.0058032991522578	0.0356656614465924	0.07	2.5	0.07	4299434.5	405391600.0	131039875.0	0.372	0.5374	-0.2	137561.0	25209730.0	63513330.0	6.6	3.3667	3.6667	-37433.0	10054690000000.0	-4745218000000.0
94.6456	1071.3	102.1561111	0.0019121111804132	0.0061328344651894	-0.0172635595057544	0.0042207232847761	-0.0191756706861676	0.0233963939709438	0.4840635240312018	0.1316445730172788	-0.1834620370623501	0.0099022717781815	0.0076175760309498	0.0050487663178415	0.07	2.49	0.08	4299434.5	405391600.0	131039875.0	0.3698	0.2667	0.0	137712.0	25209730.0	63513330.0	6.7	3.3667	3.6667	-40119.0	10054690000000.0	-4745218000000.0
94.4408	1070.89	102.2725	-0.0021662063488907	-0.000382785845332	0.0011386753737587	0.0017834205035587	0.0033048817226495	-0.0015214612190908	0.4053576015433987	0.1088171145876121	-0.2409223546355255	0.0019121111804132	0.0061328344651894	-0.0172635595057544	0.08	2.48	0.07	4299434.5	405391600.0	131039875.0	0.644	0.1841	0.3	137985.0	25209730.0	63513330.0	6.7	3.3667	3.6667	-42940.0	10054690000000.0	-4745218000000.0
93.9956	1044.55	102.5638095	-0.0047252105044908	-0.0249039077781221	0.00284431697784	-0.0201786972736313	0.0075695274823308	-0.0277482247559621	0.6750254799089761	0.2135738401812759	-0.3981071690426266	-0.0021662063488907	-0.000382785845332	0.0011386753737587	0.09	2.49	0.06	4379627.0	407901800.0	131805950.0	0.3297	0.0648	2.1	138297.0	26091570.0	63710000.0	6.2	3.5333	3.6333	-43735.0	12467340000000.0	-3074822000000.0
93.67	1024.99	101.79	-0.0034700054427734	-0.0189033142177015	-0.0075732691290504	-0.0154333087749281	-0.004103263686277	-0.011330045088651	0.7213667910127692	0.1803067528809924	-0.3473213062412431	-0.0047252105044908	-0.0249039077781221	0.00284431697784	0.09	2.49	0.07	4379627.0	407901800.0	131805950.0	0.3493	0.1645	0.4	138512.0	26091570.0	63710000.0	6.3	3.5333	3.6333	-39575.0	12467340000000.0	-3074822000000.0
93.8274	1019.36	102.052381	0.0016789570092656	-0.0055078770591787	0.0025743532195727	-0.0071868340684444	0.000895396210307	-0.0080822302787515	0.6875420170309382	0.4965424347770351	0.0151023668302927	-0.0034700054427734	-0.0189033142177015	-0.0075732691290504	0.1	2.48	0.07	4379627.0	407901800.0	131805950.0	0.1862	-0.1282	-0.1	138849.0	26091570.0	63710000.0	6.1	3.5333	3.6333	-38895.0	12467340000000.0	-3074822000000.0
93.6039	1019.93	102.78	-0.002384874948123	0.0005590181041874	0.0071045608802622	0.0029438930523104	0.0094894358283852	-0.0065455427760747	0.6521047428748071	0.4165647204261886	0.0165982790750407	0.0016789570092656	-0.0055078770591787	0.0025743532195727	0.09	2.49	0.07	4451057.0	409878000.0	132028550.0	-0.039	0.1464	0.0	139073.0	26225530.0	63763330.0	6.2	3.5333	3.5667	-38935.0	10420290000000.0	-2776468000000.0
94.5808	1025.36	102.9571429	0.0103824463456501	0.0053097729492028	0.0017220317272608	-0.0050726733964472	-0.0086604146183892	0.003587741221942	0.6959534603956208	0.3483375744383991	-0.009504294489438	-0.002384874948123	0.0005590181041874	0.0071045608802622	0.09	2.34	0.07	4451057.0	409878000.0	132028550.0	-0.1671	0.1748	0.2	139269.0	26225530.0	63763330.0	6.1	3.5333	3.5667	-36935.0	10420290000000.0	-2776468000000.0
96.1209	1033.24	107.2442105	0.0161522784924805	0.007655725723584	0.0407957617077556	-0.0084965527688964	0.024643483215275	-0.0331400359841715	0.7489677944427	0.6044011624514236	0.2926043164178918	0.0103824463456501	0.0053097729492028	0.0017220317272608	0.09	2.23	0.07	4451057.0	409878000.0	132028550.0	0.0753	-0.0645	0.2	139563.0	26225530.0	63763330.0	5.9	3.5333	3.5667	-41672.0	10420290000000.0	-2776468000000.0
97.4396	1060.28	108.0613636	0.0136259247425361	0.0258335280226384	0.0075906722526193	0.0122076032801023	-0.0060352524899167	0.0182428557700191	0.7425298333832738	0.466924340762177	0.117453345412018	0.0161522784924805	0.007655725723584	0.0407957617077556	0.09	2.06	0.06	4478019.8	415313300.0	133221225.0	-0.2512	-0.3016	-0.3	139797.0	26062000.0	63863330.0	5.7	3.5667	3.4667	-41067.0	18467310000000.0	-2116770000000.0
99.1147	1095.1	116.2122222	0.0170450664876788	0.0323126591139226	0.0727187740788686	0.0152675926262437	0.0556737075911897	-0.0404061149649459	0.8360050123099146	0.613211416369885	0.515770678971274	0.0136259247425361	0.0258335280226384	0.0075906722526193	0.09	1.98	0.06	4478019.8	415313300.0	133221225.0	-0.5399	-0.2017	-0.4	140090.0	26062000.0	63863330.0	5.8	3.5667	3.4667	-39808.0	18467310000000.0	-2116770000000.0
101.4441	1104.33	119.3126316	0.0232301425026761	0.008393132933202	0.0263291831406267	-0.014837009569474	0.0030990406379505	-0.0179360502074246	0.7446731344830483	0.666122259467844	0.6005565729242954	0.0170450664876788	0.0323126591139226	0.0727187740788686	0.12	1.99	0.07	4478019.8	415313300.0	133221225.0	-0.567	-0.0096	0.1	140364.0	26062000.0	63863330.0	5.6	3.5667	3.4667	-42838.0	18467310000000.0	-2116770000000.0
103.7607	1088.86	118.3077778	0.0225793784699304	-0.0141075388566598	-0.0084576892406351	-0.0366869173265902	-0.0310370677105655	-0.0056498496160246	0.5018421559528602	0.4849586485432611	0.6391927012459135	0.0232301425026761	0.008393132933202	0.0263291831406267	0.11	1.99	0.07	4515882.3	428801500.0	136414000.0	-0.4706	0.6776	-0.2	140568.0	25542900.0	63913330.0	5.7	3.5333	3.5	-38865.0	28748590000000.0	-1067517000000.0
105.1685	1098.4	118.5633333	0.01347653948467	0.0087232980955054	0.0021577608005243	-0.0047532413891646	-0.0113187786841457	0.0065655372949811	0.5343992671844875	0.4302463273284136	0.6872125467377518	0.0225793784699304	-0.0141075388566598	-0.0084576892406351	0.11	1.99	0.08	4515882.3	428801500.0	136414000.0	0.4343	-0.0592	-0.2	140827.0	25542900.0	63913330.0	5.5	3.5333	3.5	-33903.0	28748590000000.0	-1067517000000.0
107.3647	1112.57	120.3868182	0.0206676244007093	0.0128180789554832	0.0152627674611691	-0.007849545445226	-0.0054048569395401	-0.0024446885056859	0.5703153946499316	0.3950856691674811	0.6817365002454956	0.01347653948467	0.0087232980955054	0.0021577608005243	0.11	1.82	0.07	4515882.3	428801500.0	136414000.0	0.5952	0.0095	0.3	140923.0	25542900.0	63913330.0	5.4	3.5333	3.5	-48732.0	28748590000000.0	-1067517000000.0
106.3523	1088.66	119.5495238	-0.0094742820918432	-0.0217250722644077	-0.0069793328664706	-0.0122507901725645	0.0024949492253725	-0.0147457393979371	0.5833757205202423	0.4455250348708929	0.7325992667683217	0.0206676244007093	0.0128180789554832	0.0152627674611691	0.12	1.73	0.06	4569946.0	432478700.0	137210350.0	0.2033	0.0307	0.5	141196.0	26341370.0	63916670.0	5.4	3.7	3.3667	-39836.0	24689260000000.0	-687182000000.0
105.4065	1091.27	120.6894118	-0.0089328640816921	0.002394573446983	0.0094896903489098	0.0113274375286751	0.018422554430602	-0.0070951169019268	0.4616293347634251	0.3633609908438178	0.7101260218107603	-0.0094742820918432	-0.0217250722644077	-0.0069793328664706	0.12	1.74	0.07	4569946.0	432478700.0	137210350.0	0.5097	0.2801	0.2	141538.0	26341370.0	63916670.0	5.6	3.7	3.3667	-38502.0	24689260000000.0	-687182000000.0
106.179	1112.2	123.7504545	0.0073020451067122	0.0189978801616437	0.0250466731946161	0.0116958350549314	0.0177446280879038	-0.0060487930329724	0.3991709606394367	0.3270664993243362	0.7047462750003154	-0.0089328640816921	0.002394573446983	0.0094896903489098	0.13	1.57	0.07	4569946.0	432478700.0	137210350.0	0.3503	0.02	-0.2	141709.0	26341370.0	63916670.0	5.3	3.7	3.3667	-42425.0	24689260000000.0	-687182000000.0
108.1236	1143.22	123.2433333	0.0181486680496485	0.0275088064607373	-0.0041063535817036	0.0093601384110888	-0.0222550216313521	0.031615160042441	0.4100146388250528	0.2448863871934846	0.5406420247468673	0.0073020451067122	0.0189978801616437	0.0250466731946161	0.13	1.48	0.07	4600406.5	438155400.0	137654050.0	0.0067	0.1802	-0.2	141991.0	26464530.0	64053330.0	5.2	3.6333	3.3667	-40340.0	24073270000000.0	-1037852000000.0002
109.9768	1179.1	123.2338095	0.0169944172657183	0.0309025933684266	-7.727937687462827e-05	0.0139081761027082	-0.017071696642593	0.0309798727453012	0.4231630191194683	0.208394245062465	0.4194945746126486	0.0181486680496485	0.0275088064607373	-0.0041063535817036	0.14	1.49	0.08	4600406.5	438155400.0	137654050.0	-0.1416	0.1399	0.1	142125.0	26464530.0	64053330.0	5.1	3.6333	3.3667	-44205.0	24073270000000.0	-1037852000000.0002
110.8513	1184.76	120.285	0.0079202290962614	0.0047887868287315	-0.0242195142836481	-0.0031314422675299	-0.0321397433799095	0.0290083011123796	0.4418710816953445	0.2149496168035449	0.4777968230912018	0.0169944172657183	0.0309025933684266	-7.727937687462827e-05	0.14	1.48	0.07	4600406.5	438155400.0	137654050.0	-0.1557	-0.2594	0.1	142275.0	26464530.0	64053330.0	5.0	3.6333	3.3667	-41641.0	24073270000000.0	-1037852000000.0002
109.9036	1148.18	120.0619048	-0.0085860456283786	-0.0313621423977208	-0.0018564438286254	-0.0227760967693422	0.0067296017997531	-0.0295056985690953	0.5934758724898271	0.252936681956066	0.4827458713555214	0.0079202290962614	0.0047887868287315	-0.0242195142836481	0.12	1.48	0.08	4608784.3	441340300.0	137645725.0	-0.045	0.0	0.0	142579.0	26361970.0	64203330.0	5.0	3.5333	3.2667	-40873.0	26683260000000.0	-44494000000.0
111.6916	1151.97	122.5329412	0.0161378838900372	0.0032954402364415	0.0203724184921973	-0.0128424436535956	0.0042345346021601	-0.0170769782557558	0.5696203228273631	0.2294041925248197	0.2785588765458087	-0.0085860456283786	-0.0313621423977208	-0.0018564438286254	0.12	1.49	0.08	4608784.3	441340300.0	137645725.0	-0.2111	-0.1895	-0.4	142808.0	26361970.0	64203330.0	5.1	3.5333	3.2667	-40451.0	26683260000000.0	-44494000000.0
112.7857	1172.24	121.924	0.0097480561629534	0.0174429280796903	-0.0049820017915713	0.0076948719167369	-0.0147300579545248	0.0224249298712617	0.5736048514223584	0.0872758127217929	0.2363344626566633	0.0161378838900372	0.0032954402364415	0.0203724184921973	0.24	1.48	0.07	4608784.3	441340300.0	137645725.0	-0.3417	0.2996	0.0	143077.0	26361970.0	64203330.0	5.0	3.5333	3.2667	-41003.0	26683260000000.0	-44494000000.0
115.2344	1201.67	118.3061111	0.0214787568195466	0.0247958076424268	-0.0301224724989292	0.0033170508228801	-0.0516012293184759	0.0549182801413561	0.800425628532117	-0.0522797840441497	-0.0220399685894491	0.0097480561629534	0.0174429280796903	-0.0049820017915713	0.34	1.49	0.07	4631483.3	451429500.0	139366025.0	0.1653	0.1704	-0.3	143210.0	25747200.0	64400000.0	4.8	3.7333	3.2333	-40044.0	30025800000000.0	543991000000.0
114.2817	1217.35	115.0931579	-0.0083018618017609	0.0129641091089789	-0.0275335581698321	0.0212659709107398	-0.0192316963680712	0.0404976672788111	0.7141230391522648	0.1183009293579932	-0.0518840705413613	0.0214787568195466	0.0247958076424268	-0.0301224724989292	0.38	1.49	0.03	4631483.3	451429500.0	139366025.0	0.0823	0.4284	0.1	143407.0	25747200.0	64400000.0	4.9	3.7333	3.2333	-43306.0	30025800000000.0	543991000000.0
111.8934	1188.21	113.0704545	-0.0211198206505427	-0.0242283921033825	-0.0177307535574104	-0.0031085714528398	0.0033890670931322	-0.006497638545972	0.7957845127066652	0.1330722347677804	0.0308091449356537	-0.0083018618017609	0.0129641091089789	-0.0275335581698321	0.36	1.49	-0.003	4631483.3	451429500.0	139366025.0	0.4306	-0.2583	0.1	143662.0	25747200.0	64400000.0	5.0	3.7333	3.2333	-36801.0	30025800000000.0	543991000000.0
110.0171	1147.51	109.9652381	-0.0169108240891091	-0.0348535954841153	-0.0278468169972221	-0.0179427713950062	-0.0109359929081129	-0.0070067784868932	0.8189830388719006	0.2562992662774876	0.2034983757929983	-0.0211198206505427	-0.0242283921033825	-0.0177307535574104	0.37	1.49	-0.036	4677925.5	458376000.0	138666725.0	0.4741	0.1887	0.2	143855.0	26551930.0	64536670.0	5.1	3.5667	3.1667	-38048.0	28750770000000.0	1370980000000.0
111.1405	1171.51	109.0622222	0.0101593584158949	0.0206991374826142	-0.0082457333455296	0.0105397790667192	-0.0184050917614246	0.0289448708281438	0.8407401251407519	0.346477429506048	0.2157441709284761	-0.0169108240891091	-0.0348535954841153	-0.0278468169972221	0.37	1.49	-0.059	4677925.5	458376000.0	138666725.0	0.4046	0.0596	0.1	143900.0	26551930.0	64536670.0	4.8	3.5667	3.1667	-39032.0	28750770000000.0	1370980000000.0
111.5596	1170.5	105.4918182	0.0037638105663786	-0.0008625070453263	-0.0332851679280512	-0.0046263176117049	-0.0370489784944298	0.0324226608827249	0.8429909057113909	0.353884004345257	0.1571620762465491	0.0101593584158949	0.0206991374826142	-0.0082457333455296	0.38	1.28	-0.055	4677925.5	458376000.0	138666725.0	0.3284	-0.0199	-0.1	144146.0	26551930.0	64536670.0	4.9	3.5667	3.1667	-41719.0	28750770000000.0	1370980000000.0
112.4773	1144.09	103.9710526	0.0081924462684837	-0.0228214467569785	-0.014520877289244	-0.0310138930254622	-0.0227133235577277	-0.0083005694677344	0.7444669736334929	0.3163019994738615	0.1039745665778936	0.0037638105663786	-0.0008625070453263	-0.0332851679280512	0.39	1.23	-0.043	4723159.8	458234600.0	138794650.0	-0.1618	-0.1883	-0.2	144520.0	26719130.0	64890000.0	4.8	3.8667	3.0333	-39931.0	22286470000000.0	945189000000.0
111.4384	1111.68	101.2690909	-0.0092794516401362	-0.028737176561302	-0.026331279701182	-0.0194577249211658	-0.0170518280610458	-0.0024058968601199	0.7313156201169123	0.2872888533252616	0.0533107314505595	0.0081924462684837	-0.0228214467569785	-0.014520877289244	0.4	1.23	-0.043	4723159.8	458234600.0	138794650.0	0.0918	0.2578	0.0	144662.0	26719130.0	64890000.0	4.9	3.8667	3.0333	-40146.0	22286470000000.0	945189000000.0
112.3169	1107.49	101.9442105	0.0078523683148361	-0.0037761910795319	0.006644467455283	-0.0116285593943681	-0.0012079008595531	-0.0104206585348149	0.7203318001537261	0.3529847588814146	0.0812176356863514	-0.0092794516401362	-0.028737176561302	-0.026331279701182	0.4	1.24	-0.052	4723159.8	458234600.0	138794650.0	0.2404	0.5958	0.2	144967.0	26719130.0	64890000.0	5.0	3.8667	3.0333	-37004.0	22286470000000.0	945189000000.0
113.4747	1125.28	103.8175	0.0102555644033817	0.0159357000265547	0.0182088422034656	0.005680135623173	0.0079532778000839	-0.0022731421769108	0.7149271001651593	0.4514839211576987	0.2845709647489823	0.0078523683148361	-0.0037761910795319	0.006644467455283	0.4	1.23	-0.037	4772344.8	464986500.0	138942150.0	0.1247	0.1371	0.6	145066.0	26618170.0	64993330.0	4.9	3.6	3.0	-38555.0	23308930000000.0	837221000000.0
116.1075	1161.64	107.6244444	0.0229365815156894	0.0318009061796518	0.0360132503947818	0.0088643246639623	0.0130766688790924	-0.00421234421513	0.7807082629515546	0.5300299916164253	0.4812282329932265	0.0102555644033817	0.0159357000265547	0.0182088422034656	0.41	1.23	-0.049	4772344.8	464986500.0	138942150.0	-0.1555	-0.1473	0.0	145183.0	26618170.0	64993330.0	4.7	3.6	3.0	-43896.0	23308930000000.0	837221000000.0
117.9048	1182.28	115.8995	0.0153610330821951	0.0176119778063013	0.0740756359073202	0.0022509447241061	0.058714602825125	-0.0564636581010189	0.7887786972100951	0.5254091390325764	0.4771971009937684	0.0229365815156894	0.0318009061796518	0.0360132503947818	0.54	1.22	-0.044	4772344.8	464986500.0	138942150.0	0.0327	0.1091	-0.2	145408.0	26618170.0	64993330.0	4.7	3.6	3.0	-40976.0	23308930000000.0	837221000000.0
117.7858	1185.1	114.75	-0.0010097985249473	0.0023823816487418	-0.0099675873318973	0.0033921801736891	-0.00895778880695	0.0123499689806392	0.7540170813506306	0.6981117475426106	0.603941980048732	0.0153610330821951	0.0176119778063013	0.0740756359073202	0.65	1.24	-0.045	4820021.0	474680300.0	139790300.0	0.5828	1.0629	-0.2	145628.0	26100030.0	64993330.0	4.7	3.7	2.9	-43556.0	24072050000000.0	819447000000.0
116.1204	1144.92	113.0715789	-0.014240136794978	-0.0344923936426484	-0.0147347891748372	-0.0202522568476704	-0.0004946523798592	-0.0197576044678111	0.8646121303929111	0.6770301866643084	0.6806010726307253	-0.0010097985249473	0.0023823816487418	-0.0099675873318973	0.66	1.23	-0.038	4820021.0	474680300.0	139790300.0	0.3146	0.2732	-0.1	145848.0	26100030.0	64993330.0	4.6	3.7	2.9	-39785.0	24072050000000.0	819447000000.0
115.6558	1134.77	113.0145455	-0.0040090451243166	-0.0089047783429592	-0.0005045280984061	-0.0048957332186425	0.0035045170259104	-0.008400250244553	0.8789745761636215	0.688889172802506	0.6682639669441466	-0.014240136794978	-0.0344923936426484	-0.0147347891748372	0.79	1.23	-0.042	4820021.0	474680300.0	139790300.0	0.0813	-0.0686	0.1	145969.0	26100030.0	64993330.0	4.4	3.7	2.9	-41124.0	24072050000000.0	819447000000.0
114.7698	1132.73	110.062	-0.0076901556631536	-0.0017993389639654	-0.0264726882946728	0.0058908166991882	-0.0187825326315191	0.0246733493307074	0.8079745514926214	0.6882438150140766	0.6092885563356003	-0.0040090451243166	-0.0089047783429592	-0.0005045280984061	0.9	1.23	-0.054	4859660.8	478531800.0	140387125.0	0.2966	-0.1261	0.4	146174.0	26918670.0	65340000.0	4.4	3.6667	2.8667	-44227.0	30940040000000.0	653271000000.0
114.2591	1125.28	112.2573684	-0.0044597065823719	-0.0065987546851218	0.0197503238569263	-0.0021390481027498	0.0242100304392982	-0.0263490785420481	0.7984346285834252	0.6613069641757355	0.6584844884727613	-0.0076901556631536	-0.0017993389639654	-0.0264726882946728	0.91	1.23	-0.053	4859660.8	478531800.0	140387125.0	0.0855	0.1067	0.1	146380.0	26918670.0	65340000.0	4.4	3.6667	2.8667	-43985.0	30940040000000.0	653271000000.0
112.7603	1130.04	110.9059091	-0.0132043497327343	0.0042211367502638	-0.0121119911548772	0.0174254864829981	0.001092358577857	0.016333127905141	0.6917452599014927	0.7291532631416323	0.6870363282859061	-0.0044597065823719	-0.0065987546851218	0.0197503238569263	1.04	1.24	-0.056	4859660.8	478531800.0	140387125.0	0.0907	-0.2132	-0.1	146583.0	26918670.0	65340000.0	4.3	3.6667	2.8667	-42579.0	30940040000000.0	653271000000.0
111.0606	1134.4	112.3936842	-0.0151883284762757	0.0038508464678912	0.0133255694146052	0.0190391749441669	0.0285138978908809	-0.009474722946714	0.7281851585655457	0.7177330123837713	0.6728665338259681	-0.0132043497327343	0.0042211367502638	-0.0121119911548772	1.15	1.24	-0.054	4923148.8	492808700.0	142452550.0	-0.069	0.1654	-0.2	146772.0	26997800.0	65680000.0	4.3	3.7333	2.8	-43854.0	31915870000000.0	819140000000.0
109.9059	1130.79	109.9145455	-0.0104514531470973	-0.0031873732943115	-0.022304540699281	0.0072640798527858	-0.0118530875521836	0.0191171674049694	0.7293791943685932	0.7237230315670587	0.6048035724441819	-0.0151883284762757	0.0038508464678912	0.0133255694146052	1.16	1.23	-0.049	4923148.8	492808700.0	142452550.0	0.2994	0.5733	0.2	146919.0	26997800.0	65680000.0	4.4	3.7333	2.8	-41391.0	31915870000000.0	819140000000.0
108.8542	1131.59	110.7231579	-0.0096151729917437	0.0007072198599216	0.0073298081681825	0.0103223928516653	0.0169449811599262	-0.0066225883082609	0.7672433296819872	0.7307371755638173	0.6074175113186997	-0.0104514531470973	-0.0031873732943115	-0.022304540699281	1.15	1.25	-0.058	4923148.8	492808700.0	142452550.0	0.5295	0.1163	0.2	147007.0	26997800.0	65680000.0	4.3	3.7333	2.8	-41593.0	31915870000000.0	819140000000.0
110.8892	1131.57	112.9566667	0.0185221324373614	-1.7674402164047365e-05	0.0199712516756109	-0.0185398068395254	0.0014491192382495	-0.019988926077775	0.6487504500715301	0.7070528048379857	0.5928750051301895	-0.0096151729917437	0.0007072198599216	0.0073298081681825	1.15	1.24	-0.037	5009272.0	488213200.0	142415350.0	-0.0632	-0.0968	0.0	147150.0	26882830.0	65683340.0	4.2	3.6333	2.7	-42848.0	21736380000000.0	624373000000.0
111.1635	1105.04	112.9947368	0.0024705859421896	-0.0237245155496044	0.0003369760025435	-0.026195101491794	-0.002133609939646	-0.0240614915521479	0.3103407593826122	0.6573446916795721	0.4926413240293102	0.0185221324373614	-1.7674402164047365e-05	0.0199712516756109	1.16	1.26	-0.048	5009272.0	488213200.0	142415350.0	0.0024	-0.7443	0.4	147373.0	26882830.0	65683340.0	4.2	3.6333	2.7	-45463.0	21736380000000.0	624373000000.0
110.8758	1085.78	112.9495	-0.0025914345884254	-0.0175829106884499	-0.0004004244697286	-0.0149914761000244	0.0021910101186968	-0.0171824862187213	0.0245402411658842	0.4421888596882992	0.1441433421798998	0.0024705859421896	-0.0237245155496044	0.0003369760025435	1.3	1.51	-0.042	5009272.0	488213200.0	142415350.0	-0.0588	0.3606	0.3	147523.0	26882830.0	65683340.0	4.1	3.6333	2.7	-46535.0	21736380000000.0	624373000000.0
108.3567	1066.7	110.7744444	-0.0229820932252167	-0.0177288520718175	-0.01944471466585	0.0052532411533992	0.0035373785593666	0.0017158625940325	0.1032876343334397	0.549447363079397	0.2511216732049184	-0.0025914345884254	-0.0175829106884499	-0.0004004244697286	1.41	1.49	-0.04	5082138.3	495521400.0	142397525.0	0.5448	0.4176	0.1	147660.0	26283270.0	66480000.0	4.0	3.7	2.4667	-46993.0	18195670000000.0	-18859000000.0
107.65	1079.58	107.9005556	-0.0065433389007063	0.0120023059610447	-0.0262860800378046	0.0185456448617511	-0.0197427411370982	0.0382883859988494	-0.0542917641974197	0.4822527258322733	-0.1022646850547937	-0.0229820932252167	-0.0177288520718175	-0.01944471466585	1.42	1.49	-0.042	5082138.3	495521400.0	142397525.0	0.4535	0.7635	0.0	148054.0	26283270.0	66480000.0	4.1	3.7	2.4667	-48714.0	18195670000000.0	-18859000000.0
107.9473	1071.89	106.0004762	0.0027579212582145	-0.0071486311669985	-0.0177664349082586	-0.0099065524252131	-0.0205243561664731	0.01061780374126	-0.0629411563260203	0.3961578899822699	-0.0769538604012111	-0.0065433389007063	0.0120023059610447	-0.0262860800378046	1.51	1.49	-0.062	5082138.3	495521400.0	142397525.0	0.2261	-0.1052	-0.3	148280.0	26283270.0	66480000.0	4.0	3.7	2.4667	-43514.0	18195670000000.0	-18859000000.0
107.9428	1067.76	107.5214286	-4.168787731018142e-05	-0.0038604492595872	0.0142465769621207	-0.0038187613822771	0.0142882648394309	-0.018107026221708	-0.0526107628042094	0.4268407673537786	-0.0352212049899802	0.0027579212582145	-0.0071486311669985	-0.0177664349082586	1.69	1.47	-0.063	5145228.0	499840000.0	142823100.0	0.3975	0.1823	-0.1	148422.0	27019200.0	66850000.0	4.0	3.7333	2.3667	-46306.0	19420550000000.0	760024000000.0
111.046	1076.39	109.7015	0.0283430726895348	0.0080498534170185	0.0200728773261973	-0.0202932192725162	-0.0082701953633375	-0.0120230239091787	0.1894081534336738	0.5817621436923368	0.1216490731746826	-4.168787731018142e-05	-0.0038604492595872	0.0142465769621207	1.7	1.5	-0.061	5145228.0	499840000.0	142823100.0	0.4159	0.0485	0.1	148740.0	27019200.0	66850000.0	3.8	3.7333	2.3667	-41635.0	19420550000000.0	760024000000.0
112.8435	1092.8	110.0252381	0.0160573731416828	0.015130360233611	0.0029467359053132	-0.0009270129080718	-0.0131106372363696	0.0121836243282977	0.3714666678850113	0.5513830109504769	0.1828377063172547	0.0283430726895348	0.0080498534170185	0.0200728773261973	1.82	1.49	-0.071	5145228.0	499840000.0	142823100.0	0.1594	-0.2021	-0.1	148959.0	27019200.0	66850000.0	4.0	3.7333	2.3667	-44928.0	19420550000000.0	760024000000.0
113.0594	1122.8	111.4185	0.0019114412938874	0.0270823556712018	0.0125836051795662	0.0251709143773144	0.0106721638856788	0.0144987504916356	0.3747611830743861	0.6765308025665945	0.2609462213936702	0.0160573731416828	0.015130360233611	0.0029467359053132	1.91	1.49	-0.07	5199682.5	506010200.0	141961275.0	0.0067	-0.1913	0.1	149020.0	27015170.0	66833340.0	3.8	4.1667	2.4333	-49560.0	24250790000000.0	-540433999999.9999
113.8309	1121.15	111.0582609	0.0068006695167648	-0.0014706212681883	-0.0032384453403357	-0.0082712907849531	-0.0100391148571006	0.0017678240721474	0.3726574725445066	0.6325864921719032	0.2641883992513151	0.0019114412938874	0.0270823556712018	0.0125836051795662	1.91	1.5	-0.059	5199682.5	506010200.0	141961275.0	0.0556	0.8845	0.5	149279.0	27015170.0	66833340.0	3.8	4.1667	2.4333	-49301.0	24250790000000.0	-540433999999.9999
114.0783	1120.6	111.9464706	0.0021710408985242	-0.0004906880883552	0.0079658793857593	-0.0026617289868795	0.005794838487235	-0.0084565674741146	0.3981114701352699	0.6933469096723721	0.2608724973220137	0.0068006695167648	-0.0014706212681883	-0.0032384453403357	1.95	1.54	-0.058	5199682.5	506010200.0	141961275.0	0.1162	0.7631	0.1	149358.0	27015170.0	66833340.0	3.7	4.1667	2.4333	-50245.0	24250790000000.0	-540433999999.9999
114.8301	1130.81	112.775	0.0065685899086123	0.0090699339459305	0.0073738673210321	0.0025013440373182	0.0008052774124198	0.0016960666248984	0.4276522396247337	0.648942133005801	0.298556608062153	0.0021710408985242	-0.0004906880883552	0.0079658793857593	2.19	1.52	-0.06	5229466.8	505602900.0	142017400.0	0.1767	-0.1796	0.3	149526.0	26970630.0	67120000.0	3.8	3.8	2.4667	-52160.0	16480410000000.0	-1247779000000.0
116.1678	1128.58	113.3835	0.0115820529421561	-0.0019739847694477	0.0053811947671524	-0.0135560377116039	-0.0062008581750037	-0.0073551795366002	0.4559301986956512	0.6542516087375618	0.3357731534912677	0.0065685899086123	0.0090699339459305	0.0073738673210321	2.2	1.51	-0.071	5229466.8	505602900.0	142017400.0	-0.3349	-0.7107	-0.3	149617.0	26970630.0	67120000.0	3.8	3.8	2.4667	-49143.0	16480410000000.0	-1247779000000.0
116.2111	1122.9	112.5727778	0.000372667230124	-0.005045580729174	-0.0071759517978771	-0.0054182479592981	-0.0075486190280011	0.002130371068703	0.444782008209365	0.6636523253845799	0.3894687375109256	0.0115820529421561	-0.0019739847694477	0.0053811947671524	2.27	1.77	-0.068	5229466.8	505602900.0	142017400.0	-0.3194	-0.3443	-0.3	149809.0	26970630.0	67120000.0	3.9	3.8	2.4667	-54997.0	16480410000000.0	-1247779000000.0
114.4403	1122.0	108.9211111	-0.015355075173062	-0.0008018174958515	-0.0329760574452047	0.0145532576772104	-0.0176209822721427	0.0321742399493532	0.1874582693946856	0.719103253708792	0.2651143251091247	0.000372667230124	-0.005045580729174	-0.0071759517978771	2.4	1.75	-0.064	5277900.0	503374400.0	143158150.0	0.1907	-0.1051	0.1	150059.0	26460630.0	67233340.0	4.0	3.8667	2.4667	-48785.0	13824900000000.0	-450450000000.0
114.4106	1122.45	110.3477778	-0.0002595576435728	0.0004009891118359	0.0130131259379044	0.0006605467554088	0.0132726835814773	-0.0126121368260685	0.2964937472846625	0.6168374891638667	0.4071598117456975	-0.015355075173062	-0.0008018174958515	-0.0329760574452047	2.4	1.76	-0.055	5277900.0	503374400.0	143158150.0	0.4227	0.4318	0.0	150065.0	26460630.0	67233340.0	3.8	3.8667	2.4667	-47570.0	13824900000000.0	-450450000000.0
114.7823	1130.72	111.206	0.0032435588177275	0.0073408017480671	0.0077473424389618	0.0040972429303396	0.0045037836212342	-0.0004065406908946	0.2834134595729206	0.638441152696726	0.3215383231966255	-0.0002595576435728	0.0004009891118359	0.0130131259379044	2.41	1.76	-0.041	5277900.0	503374400.0	143158150.0	0.5641	-0.1913	0.0	150295.0	26460630.0	67233340.0	3.8	3.8667	2.4667	-48154.0	13824900000000.0	-450450000000.0
114.9024	1140.95	111.6638095	0.001045781551368	0.0090066507498889	0.0041083190670541	0.0079608691985209	0.003062537515686	0.0048983316828348	0.2346618478546665	0.6933861250091322	0.4133756986913418	0.0032435588177275	0.0073408017480671	0.0077473424389618	2.42	1.75	-0.067	5349484.5	510024900.0	143704575.0	0.5295	0.3632	0.3	150593.0	27256100.0	67380000.0	3.7	3.9333	2.3333	-49769.0	11706900000000.0	-309791000000.0
115.957	1183.29	109.8533333	0.0091363603637741	0.0364374457200904	-0.0163465137866056	0.0273010853563162	-0.0254828741503798	0.0527839595066961	0.3255254637468275	0.4822569751964121	-0.0012261986247363	0.001045781551368	0.0090066507498889	0.0041083190670541	2.39	1.75	-0.049	5349484.5	510024900.0	143704575.0	0.2129	0.1719	0.0	150621.0	27256100.0	67380000.0	3.6	3.9333	2.3333	-51047.0	11706900000000.0	-309791000000.0
115.4279	1175.62	108.057	-0.0045733401116168	-0.0065030264231582	-0.0164872767995545	-0.0019296863115414	-0.0119139366879377	0.0099842503763962	0.3402252750429717	0.5665220953660519	0.0881397603444968	0.0091363603637741	0.0364374457200904	-0.0163465137866056	2.38	1.76	-0.062	5349484.5	510024900.0	143704575.0	0.0199	-0.1616	-0.1	150839.0	27256100.0	67380000.0	3.6	3.9333	2.3333	-48703.0	11706900000000.0	-309791000000.0
115.0785	1175.31	108.2404762	-0.0030315884296276	-0.0002637254208304	0.0016965176591954	0.0027678630087972	0.0047281060888231	-0.0019602430800258	0.4047014127409432	0.5626191250008314	-0.0936240999210364	-0.0045733401116168	-0.0065030264231582	-0.0164872767995545	2.4	1.63	-0.071	5429292.8	511130600.0	143842825.0	0.1671	-0.3056	-0.1	150936.0	27381630.0	67540000.0	3.7	3.7333	2.3333	-48436.0	10642870000000.0	-470039000000.0
117.102	1208.98	106.2728571	0.0174308456895664	0.0282450863122392	-0.0183454730201049	0.0108142406226727	-0.0357763187096713	0.0465905593323441	0.615039069973472	0.2739896960466141	-0.247003609244553	-0.0030315884296276	-0.0002637254208304	0.0016965176591954	2.13	1.51	-0.045	5429292.8	511130600.0	143842825.0	-0.0051	0.24	0.3	151171.0	27381630.0	67540000.0	3.6	3.7333	2.3333	-48676.0	10642870000000.0	-470039000000.0
117.3256	1197.55	107.4822222	0.0019076257898582	-0.0094992258139186	0.0113155486926812	-0.0114068516037768	0.0094079229028229	-0.0208147745065998	0.5904267669420277	0.2653991725103036	-0.3003198353418039	0.0174308456895664	0.0282450863122392	-0.0183454730201049	2.04	1.52	-0.059	5429292.8	511130600.0	143842825.0	0.0783	0.3711	0.1	151365.0	27381630.0	67540000.0	3.5	3.7333	2.3333	-44400.0	10642870000000.0	-470039000000.0
116.7479	1184.13	108.1233333	-0.0049360664317763	-0.011269475352889	0.0059470915587009	-0.0063334089211126	0.0108831579904773	-0.01721656691159	0.6155009037434278	0.1787533784559879	-0.3711539078723072	0.0019076257898582	-0.0094992258139186	0.0113155486926812	1.83	1.35	-0.021	5483304.3	516064400.0	141145950.0	0.2286	0.2475	0.3	151460.0	27392430.0	67820000.0	3.6	3.5333	2.3	-41305.0	11476250000000.0	-514982999999.9999
116.5605	1167.45	108.7933333	-0.0016064577212144	-0.01418644464046	0.0061775071615244	-0.0125799869192455	0.0077839648827389	-0.0203639518019844	0.7000064880415661	0.0982359037184585	-0.3991998497925438	-0.0049360664317763	-0.011269475352889	0.0059470915587009	1.55	1.28	-0.043	5483304.3	516064400.0	141145950.0	-0.0536	-0.5598	0.1	151668.0	27392430.0	67820000.0	3.6	3.5333	2.3	-38786.0	11476250000000.0	-514982999999.9999
115.9107	1175.84	109.1547368	-0.0055903844632494	0.0071609027070547	0.0033164214859073	0.0127512871703041	0.0089068059491568	0.0038444812211473	0.6783164613073713	0.0694587748803804	-0.4058307393921052	-0.0016064577212144	-0.01418644464046	0.0061775071615244	1.55	1.28	-0.038	5483304.3	516064400.0	141145950.0	-0.091	0.2392	0.0	151795.0	27392430.0	67820000.0	3.6	3.5333	2.3	-43639.0	11476250000000.0	-514982999999.9999
115.2786	1164.28	109.2847368	-0.0054682597774204	-0.0098799155884705	0.001190261203301	-0.00441165581105	0.0066585209807215	-0.0110701767917715	0.7884815631351183	-0.5024175899955294	-0.6084412100617104	-0.0055903844632494	0.0071609027070547	0.0033164214859073	1.55	1.27	-0.032	5437809.5	509731800.0	141929625.0	0.388	0.372	-0.1	152031.0	26748930.0	67650000.0	3.6	3.5667	2.4333	-43562.0	14092520000000.0	212883000000.0
116.7095	1193.79	109.9735294	0.012336134018728	0.0250302498948764	0.0062829545978502	0.0126941158761484	-0.0060531794208777	0.0187472952970262	0.8200547738258285	-0.3742518176857222	-0.5043989553114956	-0.0054682597774204	-0.0098799155884705	0.001190261203301	1.58	1.24	-0.016	5437809.5	509731800.0	141929625.0	0.2741	0.0699	-0.2	152292.0	26748930.0	67650000.0	3.5	3.5667	2.4333	-39931.0	14092520000000.0	212883000000.0
121.0285	1220.09	107.2928571	0.0363381137602489	0.0217915064112288	-0.0246776170260369	-0.0145466073490201	-0.0610157307862859	0.0464691234372658	0.6952634481195925	-0.6464085281355798	-0.5767779736695529	0.012336134018728	0.0250302498948764	0.0062829545978502	0.65	0.98	-0.047	5437809.5	509731800.0	141929625.0	-0.2176	-0.2196	0.0	150895.0	26748930.0	67650000.0	4.4	3.5667	2.4333	-42374.0	14092520000000.0	212883000000.0
123.2894	1225.23	107.93	0.0185083822415821	0.0042039549588883	0.0059207908479459	-0.0143044272826937	-0.0125875913936361	-0.0017168358890575	0.6600907416769404	-0.5311852387577054	-0.5876992721861513	0.0363381137602489	0.0217915064112288	-0.0246776170260369	0.05	0.74	-0.036	4989572.8	503976500.0	132196600.0	-0.6687	-0.4403	-0.1	130424.0	26849170.0	66696660.0	14.8	4.1333	2.7333	-51888.0	3371902000000.0	-2172712000000.0
122.6238	1228.67	107.2917647	-0.005413305388954	0.0028037020688813	-0.0059309723790441	0.0082170074578353	-0.0005176669900901	0.0087346744479255	0.7192888235745397	-0.4956530793496978	-0.5045485609573191	0.0185083822415821	0.0042039549588883	0.0059207908479459	0.05	0.7	-0.047	4989572.8	503976500.0	132196600.0	0.002	-0.0603	0.0	133040.0	26849170.0	66696660.0	13.2	4.1333	2.7333	-53995.0	3371902000000.0	-2172712000000.0
119.6845	1210.01	107.555	-0.0242620181182484	-0.0153036595065199	0.0024504481795499	0.0089583586117285	0.0267124662977984	-0.0177541076860698	0.7483359358083252	-0.5844079338226216	-0.633885278162354	-0.005413305388954	0.0028037020688813	-0.0059309723790441	0.08	0.48	-0.048	4989572.8	503976500.0	132196600.0	0.5472	0.2715	-0.2	137671.0	26849170.0	66696660.0	11.0	4.1333	2.7333	-49161.0	3371902000000.0	-2172712000000.0
118.7004	1198.9	106.6973684	-0.0082564423367967	-0.009224154305838	-0.0080058501768469	-0.0009677119690412	0.0002505921599498	-0.001218304128991	0.7599493810694118	-0.5162741929632414	-0.5637115488786598	-0.0242620181182484	-0.0153036595065199	0.0024504481795499	0.09	0.48	-0.028	5426109.3	518844700.0	138686375.0	0.5058	-0.0802	0.1	139255.0	27067470.0	66833340.0	10.2	4.0	2.9667	-58882.0	17119009999999.996	782743000000.0
116.9576	1186.85	106.0415	-0.0147911954947854	-0.0101017310866469	-0.0061659675347058	0.0046894644081385	0.0086252279600795	-0.003935763551941	0.7564593670291403	-0.3640521884300138	-0.3577047955331602	-0.0082564423367967	-0.009224154305838	-0.0080058501768469	0.1	0.5	-0.035	5426109.3	518844700.0	138686375.0	0.3153	0.5621	0.1	140819.0	27067470.0	66833340.0	8.4	4.0	2.9667	-61843.0	17119009999999.996	782743000000.0
116.3534	1178.8	105.6905556	-0.005179364459277	-0.0068057667634215	-0.0033149890354318	-0.0016264023041445	0.0018643754238452	-0.0034907777279897	0.7791432435689584	-0.4000923895295811	-0.3060234458883849	-0.0147911954947854	-0.0101017310866469	-0.0061659675347058	0.09	0.48	-0.054	5426109.3	518844700.0	138686375.0	0.1393	0.549	-0.2	141770.0	27067470.0	66833340.0	7.8	4.0	2.9667	-57002.0	17119009999999.996	782743000000.0
115.7882	1144.68	105.222381	-0.0048694513763489	-0.0293718499184221	-0.0044395130663437	-0.0245023985420731	0.0004299383100052	-0.0249323368520784	0.704756223399793	-0.3842554418580405	-0.1802494513553117	-0.005179364459277	-0.0068057667634215	-0.0033149890354318	0.09	0.51	-0.02	5521790.0	525913600.0	141015125.0	0.0415	-0.5559	-0.1	142461.0	26951770.0	67223340.0	6.9	4.1667	3.0667	-61126.0	19815740000000.0	1648706000000.0
114.1033	1116.76	104.4264706	-0.0146584816714216	-0.0246934861973509	-0.0075928317057858	-0.0100350045259292	0.0070656499656358	-0.017100654491565	0.7377609233124774	-0.3425691541535849	-0.0468941773512821	-0.0048694513763489	-0.0293718499184221	-0.0044395130663437	0.09	0.49	-0.032	5521790.0	525913600.0	141015125.0	-0.0611	-0.0898	-0.3	142731.0	26951770.0	67223340.0	6.7	4.1667	3.0667	-64349.0	19815740000000.0	1648706000000.0
111.9051	1095.13	103.8888235	-0.0194529877612312	-0.0195585580828128	-0.0051618705781422	-0.0001055703215815	0.014291117183089	-0.0143966875046706	0.787747420211028	-0.3080917931867693	-0.090080963419358	-0.0146584816714216	-0.0246934861973509	-0.0075928317057858	0.09	0.51	-0.026	5521790.0	525913600.0	141015125.0	0.0941	0.2398	-0.2	142548.0	26951770.0	67223340.0	6.7	4.1667	3.0667	-61928.0	19815740000000.0	1648706000000.0
111.4953	1097.49	103.6961111	-0.0036687531414472	0.0021526766255499	-0.0018567094547004	0.0058214297669971	0.0018120436867468	0.0040093860802503	0.7782689387520213	-0.3054798774423299	-0.0628830636053976	-0.0194529877612312	-0.0195585580828128	-0.0051618705781422	0.09	0.49	-0.017	5670173.3	537774800.0	142167375.0	0.4254	0.7077	0.5	142913.0	26368530.0	67313340.0	6.4	4.2333	2.8667	-62826.0	14124960000000.0	629204000000.0
112.0275	1111.72	105.3741176	0.0047619393250544	0.0128826112522926	0.0160524292984254	0.0081206719272381	0.011290489973371	-0.0031698180461328	0.7720762381114341	-0.2646461426125234	-0.0249507220063709	-0.0036687531414472	0.0021526766255499	-0.0018567094547004	0.08	0.49	-0.016	5670173.3	537774800.0	142167375.0	0.5474	0.5344	-0.1	143422.0	26368530.0	67313340.0	6.2	4.2333	2.8667	-65630.0	14124960000000.0	629204000000.0
113.3497	1131.02	108.6495652	0.0117333534100074	0.0172115148829332	0.030610662469428	0.0054781614729257	0.0188773090594205	-0.0133991475864947	0.7118465960335045	0.6301854035624103	0.7303845334978385	0.0047619393250544	0.0128826112522926	0.0160524292984254	0.07	0.49	-0.017	5670173.3	537774800.0	142167375.0	0.7083	0.256	0.1	144246.0	26368530.0	67313340.0	6.1	4.2333	2.8667	-65658.0	14124960000000.0	629204000000.0
112.6426	1119.4	109.1342857	-0.0062577557507257	-0.0103270529684698	0.0044513980112768	-0.004069297217744	0.0107091537620025	-0.0147784509797466	0.736553389995775	0.697566506332121	0.7147845978493058	0.0117333534100074	0.0172115148829332	0.030610662469428	0.07	0.48	-0.012	5856477.5	550886200.0	143314100.0	0.8219	0.1375	-0.8	144611.0	27466800.0	67073340.0	6.1	3.7667	2.9	-65115.0	9076005000000.0	336977000000.0
111.2252	1123.28	109.11	-0.0126629996823242	0.0034601493491273	-0.0002225551979275	0.0161231490314515	0.0124404444843966	0.0036827045470548	0.6787252084832391	0.7227783240943909	0.7571279899826316	-0.0062577557507257	-0.0103270529684698	0.0044513980112768	0.06	0.48	-0.017	5856477.5	550886200.0	143314100.0	0.8017	0.0686	0.3	145032.0	27466800.0	67073340.0	5.8	3.7667	2.9	-65779.0	9076005000000.0	336977000000.0
111.5888	1121.3	110.1059091	0.0032637116406499	-0.0017642503395522	0.0090861649211557	-0.0050279619802022	0.0058224532805057	-0.010850415260708	0.6896917099378743	0.8587477467696578	0.77527164332926	-0.0126629996823242	0.0034601493491273	-0.0002225551979275	0.08	0.51	-0.029	5856477.5	550886200.0	143314100.0	0.9291	0.0	0.1	145828.0	27466800.0	67073340.0	5.9	3.7667	2.9	-71187.0	9076005000000.0	336977000000.0
113.0721	1143.98	110.1661111	0.0132049818523256	0.020024683802605	0.0005466150575488	0.0068197019502793	-0.0126583667947768	0.0194780687450562	0.7630258947843788	0.714957781563402	0.6662833835592782	0.0032637116406499	-0.0017642503395522	0.0090861649211557	0.1	0.53	-0.036	5995594.8	562050800.0	143324075.0	0.4811	0.2058	0.1	146759.0	27644600.0	67176660.0	5.4	3.2	2.7667	-69169.0	7305146000000.0	-817872000000.0
113.4124	1160.34	109.8357143	0.0030050644179828	0.0141996553328223	-0.0030035846092584	0.0111945909148394	-0.0060086490272412	0.0172032399420807	0.7750656539061771	0.6423944148004452	0.5691316888809199	0.0132049818523256	0.020024683802605	0.0005466150575488	0.09	0.56	-0.034	5995594.8	562050800.0	143324075.0	0.2066	0.4792	0.1	147246.0	27644600.0	67176660.0	5.1	3.2	2.7667	-72588.0	7305146000000.0	-817872000000.0
113.4532	1169.54	110.2188235	0.0003596843279884	0.0078974434877796	0.0034819512553347	0.0075377591597911	0.0031222669273462	0.0044154922324448	0.7734277896849321	0.638394550176374	0.5566203693436852	0.0030050644179828	0.0141996553328223	-0.0030035846092584	0.08	0.77	-0.022	5995594.8	562050800.0	143324075.0	0.2716	0.4088	0.1	147712.0	27644600.0	67176660.0	4.7	3.2	2.7667	-74657.0	7305146000000.0	-817872000000.0
114.0758	1182.82	113.127	0.0054727226326409	0.0112909087747459	0.0260433871300316	0.0058181861421049	0.0205706644973906	-0.0147524783552857	0.8711059441277902	0.640933270296038	0.5399669810413608	0.0003596843279884	0.0078974434877796	0.0034819512553347	0.08	0.74	-0.027	6203400.0	571201200.0	144921225.0	0.8308	0.1745	0.1	148569.0	27611230.0	66930000.0	4.5	3.2667	2.7333	-66003.0	5142805000000.0	-1849191000000.0
115.0036	1182.91	114.0177778	0.0081002925021396	7.608645115375623e-05	0.0078433004284574	-0.0080242060509858	-0.0002569920736821	-0.0077672139773037	0.7937678791221101	0.5682710285106806	0.4344069782019417	0.0054727226326409	0.0112909087747459	0.0260433871300316	0.08	0.796	-0.039	6203400.0	571201200.0	144921225.0	0.4913	0.5031	0.1	149206.0	27611230.0	66930000.0	4.1	3.2667	2.7333	-79425.0	5142805000000.0	-1849191000000.0
115.8172	1183.62	113.6164706	0.007049653839652	0.0006000346678911	-0.0035258983968669	-0.0064496191717609	-0.0105755522365189	0.004125933064758	0.5779284769564176	0.3995050433211142	0.3379578954764603	0.0081002925021396	7.608645115375623e-05	0.0078433004284574	0.08	1.012	-0.026	6203400.0	571201200.0	144921225.0	0.3073	0.1637	0.1	149781.0	27611230.0	66930000.0	3.9	3.2667	2.7333	-79238.0	5142805000000.0	-1849191000000.0
115.0507	1194.01	114.8538889	-0.0066401852867228	0.008739851143023	0.0108323057962902	0.0153800364297458	0.017472491083013	-0.0020924546532672	0.498800439662509	0.3016741872608761	0.315455330577528	0.007049653839652	0.0006000346678911	-0.0035258983968669	0.08	1.188	-0.02	6312586.8	576699300.0	145010175.0	0.8415	0.7785	0.1	150006.0	27369370.0	67056660.0	4.0	2.9667	2.7	-83599.0	-1460668000000.0	-3161173000000.0
115.0057	1198.34	115.21	-0.0003912084217079	0.0036198756270433	0.0030957608002619	0.0040110840487512	0.0034869692219698	0.0005241148267813	0.4983347925466742	0.3001055776405743	0.2915845934076069	-0.0066401852867228	0.008739851143023	0.0108323057962902	0.08	1.219	-0.018	6312586.8	576699300.0	145010175.0	0.9134	0.5436	0.1	150875.0	27369370.0	67056660.0	3.9	2.9667	2.7	-84685.0	-1460668000000.0	-3161173000000.0
116.2984	1221.03	118.5095455	0.0111776095540108	0.0187574990795376	0.0282369600236416	0.0075798895255267	0.0170593504696308	-0.009479460944104	0.5021733292603423	0.2764683228209763	0.3043541939827213	-0.0003912084217079	0.0036198756270433	0.0030957608002619	0.2	1.244	-0.008	6312586.8	576699300.0	145010175.0	1.3351	0.645	0.1	151346.0	27369370.0	67056660.0	3.7	2.9667	2.7	-99398.0	-1460668000000.0	-3161173000000.0
117.1702	1232.34	126.2247619	0.0074682766938369	0.0092200362121754	0.0630706323554743	0.0017517595183385	0.0556023556616374	-0.0538505961432989	0.3975216598984053	0.291069064078865	0.2152773927759328	0.0111776095540108	0.0187574990795376	0.0282369600236416	0.33	1.299	-0.012	6465323.0	582672300.0	145937450.0	0.5583	0.688	0.1	151651.0	28347030.0	67290000.0	3.7	2.8667	2.6	-82878.0	-7490729000000.0	-4914537000000.0
119.6926	1269.88	128.8783333	0.0212992108330265	0.0300076067537586	0.0208046641710408	0.0087083959207321	-0.0004945466619856	0.0092029425827178	0.644909113384131	0.2346709782473253	0.2122201028176294	0.0074682766938369	0.0092200362121754	0.0630706323554743	0.77	1.505	-0.018	6465323.0	582672300.0	145937450.0	1.1024	0.6272	0.1	151892.0	28347030.0	67290000.0	3.6	2.8667	2.6	-82157.0	-7490729000000.0	-4914537000000.0
120.0269	1277.35	133.7957143	0.0027890948939184	0.0058652115548474	0.0374453099382661	0.0030761166609289	0.0346562150443476	-0.0315800983834186	0.6631754946795565	0.1635489760329893	0.1221779221306008	0.0212992108330265	0.0300076067537586	0.0208046641710408	1.21	1.745	-0.038	6465323.0	582672300.0	145937450.0	1.3736	0.6605	0.1	152353.0	28347030.0	67290000.0	3.6	2.8667	2.6	-79785.0	-7490729000000.0	-4914537000000.0
122.7609	1307.4	136.7163158	0.022522676775841	0.0232528128244116	0.0215939748608162	0.0007301360485705	-0.0009287019150248	0.0016588379635953	0.7055924696438102	0.2464155069306173	0.2271863083560205	0.0027890948939184	0.0058652115548474	0.0374453099382661	1.68	1.971	-0.012	6584076.0	581884400.0	145581550.0	-0.0118	0.4805	0.1	153049.0	28424600.0	67323340.0	3.5	2.8	2.5333	-68396.0	-26691330000000.0	-6394542000000.0
122.3262	1318.44	135.2422727	-0.0035473140433337	0.0084087873221605	-0.0108403087613506	0.0119561013654942	-0.0072929947180169	0.0192490960835112	0.7117409915492191	0.3317010598251196	0.2869522859891071	0.022522676775841	0.0232528128244116	0.0215939748608162	2.33	2.263	-0.018	6584076.0	581884400.0	145581550.0	-0.0354	-0.092	0.1	153286.0	28424600.0	67323340.0	3.6	2.8	2.5333	-66959.0	-26691330000000.0	-6394542000000.0
125.5999	1391.59	143.29	0.0264102107958104	0.0539977587781965	0.0578027660906599	0.0275875479823861	0.0313925552948495	-0.0038050073124633	0.7902956932297527	0.489112167002919	0.5427945955373846	-0.0035473140433337	0.0084087873221605	-0.0108403087613506	2.56	2.533	-0.049	6584076.0	581884400.0	145581550.0	0.2151	0.1749	0.1	153513.0	28424600.0	67323340.0	3.5	2.8	2.5333	-67781.0	-26691330000000.0	-6394542000000.0
127.4828	1426.66	147.0145	0.014879995682171	0.0248890697206318	0.0256606726414565	0.0100090740384608	0.0107806769592855	-0.0007716029208246	0.7958065548463482	0.4984136171201201	0.5481644006696565	0.0264102107958104	0.0539977587781965	0.0578027660906599	3.08	2.959	-0.05	6692628.5	582525500.0	148451400.0	0.4056	0.3124	0.1	153913.0	28215500.0	67226660.0	3.6	2.8667	2.5333	-74773.0	-27292300000000.0	-6363735000000.0
124.8627	1364.1	142.82	-0.0207667199186847	-0.0448411775005439	-0.0289461252490035	-0.0240744575818592	-0.0081794053303188	-0.0158950522515404	0.8978042351516143	0.6769820009246059	0.7072776929694891	0.014879995682171	0.0248890697206318	0.0256606726414565	3.78	3.096	-0.067	6692628.5	582525500.0	148451400.0	-0.101	-0.0824	0.1	154210.0	28215500.0	67226660.0	3.6	2.8667	2.5333	-62798.0	-27292300000000.0	-6363735000000.0
122.2476	1296.22	135.4223529	-0.0211662373584911	-0.0510425339068598	-0.0531866613805549	-0.0298762965483687	-0.0320204240220638	0.002144127473695	0.9290772393867176	0.7907861147688418	0.8192381205151352	-0.0207667199186847	-0.0448411775005439	-0.0289461252490035	4.1	3.235	-0.07	6692628.5	582525500.0	148451400.0	-0.307	0.1742	0.1	154336.0	28215500.0	67226660.0	3.5	2.8667	2.5333	-70521.0	-27292300000000.0	-6363735000000.0
119.8133	1247.25	130.3444444	-0.0201137983772259	-0.0385112088510677	-0.038217915905931	-0.0183974104738418	-0.0181041175287051	-0.0002932929451366	0.9632692064863408	0.8385483237984547	0.8509756736178321	-0.0211662373584911	-0.0510425339068598	-0.0531866613805549	4.33	3.269	-0.02	6804111.3	589288400.0	151416600.0	0.7995	0.7414	0.1	154780.0	27766700.0	67283340.0	3.5	2.7	2.6	-68800.0	-22788240000000.0	-4420041000000.0
120.3366	1270.74	132.5861111	0.0043581182275014	0.0186582801864183	0.0170518105957748	0.0143001619589169	0.0126936923682734	0.0016064695906434	0.9583661732413258	0.8374169129800229	0.8502962982864417	-0.0201137983772259	-0.0385112088510677	-0.038217915905931	4.57	3.425	-0.019	6804111.3	589288400.0	151416600.0	0.5582	0.2362	0.1	155086.0	27766700.0	67283340.0	3.6	2.7	2.6	-69202.0	-22788240000000.0	-4420041000000.0
120.8071	1305.73	133.8504545	0.0039022424972712	0.0271628634038378	0.0094908361224241	0.0232606209065666	0.0055885936251529	0.0176720272814137	0.9397941508226084	0.8340682167279379	0.8281011305398699	0.0043581182275014	0.0186582801864183	0.0170518105957748	4.65	3.425	-0.017	6804111.3	589288400.0	151416600.0	0.3311	0.1722	0.1	155171.0	27766700.0	67283340.0	3.5	2.7	2.6	-58587.0	-22788240000000.0	-4420041000000.0
119.3744	1320.01	133.334	-0.0119302859977263	0.0108770409778928	-0.0038659071253048	0.0228073269756192	0.0080643788724215	0.0147429481031977	0.8990858462687498	0.8890645286133394	0.9053304694203296	0.0039022424972712	0.0271628634038378	0.0094908361224241	4.83	3.467	-0.015	6882513.8	596883200.0	154360875.0	0.5059	0.2262	0.1	155387.0	28692970.0	67473340.0	3.4	2.5667	2.5333	-71110.0	-5466122000000.0	-2023232000000.0
119.7956	1328.21	137.1942105	0.0035221845168118	0.0061928587555728	0.0285402584522058	0.0026706742387609	0.025018073935394	-0.022347399696633	0.8978038620863298	0.8933222822423262	0.8869089778036516	-0.0119302859977263	0.0108770409778928	-0.0038659071253048	5.06	3.57	-0.051	6882513.8	596883200.0	154360875.0	0.2518	0.325	0.1	155614.0	28692970.0	67473340.0	3.6	2.5667	2.5333	-65814.0	-5466122000000.0	-2023232000000.0
119.5789	1296.71	141.1585714	-0.0018105525793021	-0.024001883655754	0.0284863614455623	-0.0221913310764518	0.0302969140248645	-0.0524882451013164	0.8784225191846724	0.8902754470751402	0.8171823326353101	0.0035221845168118	0.0061928587555728	0.0285402584522058	5.08	3.566	-0.066	6882513.8	596883200.0	154360875.0	0.3229	0.027	0.1	155871.0	28692970.0	67473340.0	3.6	2.5667	2.5333	-65163.0	-5466122000000.0	-2023232000000.0
118.4119	1286.3	140.8416667	-0.009807180391566	-0.0080604073244456	-0.002247550112286	0.0017467730671203	0.0075596302792799	-0.0058128572121596	0.8940090854246364	0.9191479590606628	0.8117835932943612	-0.0018105525793021	-0.024001883655754	0.0284863614455623	5.12	3.51	-0.046	7018711.5	605422300.0	154363175.0	0.1908	0.1169	0.1	156019.0	28687200.0	67516660.0	3.5	2.6667	2.6	-63759.0	5847444000000.0	-1448383000000.0
120.2177	1318.47	144.7722727	0.0151350416797271	0.0247020933212605	0.0275256465243556	0.0095670516415333	0.0123906048446285	-0.0028235532030951	0.9022616503117942	0.9236581717012072	0.843227204692613	-0.009807180391566	-0.0080604073244456	-0.002247550112286	5.33	3.538	-0.064	7018711.5	605422300.0	154363175.0	0.4367	0.8896	0.1	156176.0	28687200.0	67516660.0	3.7	2.6667	2.6	-59165.0	5847444000000.0	-1448383000000.0
121.9827	1329.47	147.7515789	0.0145749655636091	0.0083083931485417	0.0203703677863158	-0.0062665724150674	0.0057954022227066	-0.0120619746377741	0.8429223948534588	0.886969662019794	0.7920886375187747	0.0151350416797271	0.0247020933212605	0.0275256465243556	5.33	3.596	-0.054	7018711.5	605422300.0	154363175.0	0.2485	0.4898	0.1	156334.0	28687200.0	67516660.0	3.7	2.6667	2.6	-59565.0	5847444000000.0	-1448383000000.0
123.7914	1350.69	149.5266667	0.0147186595559594	0.0158352064163205	0.0119424069759697	0.0011165468603611	-0.0027762525799897	0.0038927994403508	0.8283728565259986	0.8560183426122819	0.7768779965210239	0.0145749655636091	0.0083083931485417	0.0203703677863158	5.33	3.517	-0.02	7106180.5	617093500.0	155861025.0	-0.0383	0.3811	0.1	156520.0	28518330.0	67600000.0	3.9	2.8333	2.5667	-64100.0	10553610000000.0	-1711495000000.0
121.5369	1310.39	149.8394737	-0.0183799705798195	-0.0302907701587367	0.0020897962169286	-0.0119107995789171	0.0204697667967481	-0.0323805663756653	0.813931812892027	0.7838885431770144	0.7096110538973044	0.0147186595559594	0.0158352064163205	0.0119424069759697	5.33	3.572	-0.015	7106180.5	617093500.0	155861025.0	-0.2015	-0.5209	0.1	156661.0	28518330.0	67600000.0	3.7	2.8333	2.5667	-65053.0	10553610000000.0	-1711495000000.0
120.1585	1303.98	144.69375	-0.0114062157932917	-0.0049036768663892	-0.034945105824538	0.0065025389269024	-0.0235388900312463	0.0300414289581487	0.758829590750388	0.7346464211576211	0.483072440140928	-0.0183799705798195	-0.0302907701587367	0.0020897962169286	5.33	3.639	-0.012	7106180.5	617093500.0	155861025.0	-0.0993	0.0355	0.1	156930.0	28518330.0	67600000.0	3.8	2.8333	2.5667	-63888.0	10553610000000.0	-1711495000000.0
120.5769	1323.57	146.6511111	0.0034760190755802	0.0149115053870829	0.0134369320456606	0.0114354863115027	0.0099609129700803	0.0014745733414223	0.6826181187982466	0.6468677667774504	0.2222809013784041	-0.0114062157932917	-0.0049036768663892	-0.034945105824538	5.33	3.47	-0.014	7177040.3	633548700.0	154757050.0	0.5448	0.3904	0.1	157049.0	28060430.0	67666660.0	3.7	2.8	2.5667	-67077.0	17243160000000.0	-1461253000000.0
121.4155	1331.74	149.3866667	0.0069308239179033	0.0061537265193285	0.0184816511292762	-0.0007770973985747	0.0115508272113729	-0.0123279246099476	0.6768861514792945	0.6510815869296672	0.2032697370308244	0.0034760190755802	0.0149115053870829	0.0134369320456606	5.33	3.582	-0.006	7177040.3	633548700.0	154757050.0	0.619	0.5479	0.1	157271.0	28060430.0	67666660.0	3.9	2.8	2.5667	-66431.0	17243160000000.0	-1461253000000.0
121.0413	1330.69	149.625	-0.0030867379022829	-0.0007887531724302	0.0015941408113144	0.0022979847298527	0.0046808787135974	-0.0023828939837446	0.7067498108227764	0.6577011999479557	0.23042292836487	0.0069308239179033	0.0061537265193285	0.0184816511292762	5.33	3.467	0.022	7177040.3	633548700.0	154757050.0	0.6464	0.1494	0.1	157517.0	28060430.0	67666660.0	3.9	2.8	2.5667	-66266.0	17243160000000.0	-1461253000000.0
122.5142	1367.83	153.4333333	0.0120951319605326	0.0275279377749679	0.0251339980596991	0.0154328058144352	0.0130388660991664	0.0023939397152688	0.8352657341714281	0.6567522081402822	0.3486808030894912	-0.0030867379022829	-0.0007887531724302	0.0015941408113144	5.33	3.518	0.077	7286761.0	638175400.0	157982450.0	0.6464	0.1494	0.1	157635.0	28838470.0	67686660.0	3.9	2.8	2.5667	-73110.0	19475300000000.0	-1702847000000.0
122.2444	1365.39	156.103	-0.0022046220993017	-0.001785440358395	0.0172498838485894	0.0004191817409067	0.0194545059478912	-0.0190353242069845	0.8358188073026994	0.6541661884303557	0.335897024128527	0.0120951319605326	0.0275279377749679	0.0251339980596991	5.33	3.53	0.077	7286761.0	638175400.0	157982450.0	0.6464	0.1494	0.1	157828.0	28838470.0	67686660.0	3.9	2.8	2.5667	-74456.0	19475300000000.0	-1702847000000.0
124.0309	1380.13	157.8210526	0.0145084085750566	0.0107375955167663	0.0109457669078425	-0.0037708130582903	-0.003562641667214	-0.0002081713910762	0.8835362039090673	0.7000655862746441	0.575788739958668	-0.0022046220993017	-0.001785440358395	0.0172498838485894	5.33	3.547	0.077	7286761.0	638175400.0	157982450.0	0.6464	0.1494	0.1	157915.0	28838470.0	67686660.0	4.1	2.8	2.5667	-73892.0	19475300000000.0	-1702847000000.0
123.7208	1383.38	157.7425	-0.002503314099874	0.0023520823143963	-0.0004978559847943	0.0048553964142703	0.0020054581150796	0.0028499382991906	0.8727913499494606	0.6923909677890683	0.553618976545232	0.0145084085750566	0.0107375955167663	0.0109457669078425	5.33	3.518	0.078	7377916.0	635086800.0	159775725.0	0.6464	0.1494	0.1	158003.0	28833370.0	67830000.0	4.2	2.5333	2.5	-78639.0	17322290000000.0	-1464246000000.0
122.8802	1354.15	146.2328571	-0.006817517007791	-0.0213558287255475	-0.0757636938781454	-0.0145383117177564	-0.0689461768703543	0.0544078651525978	0.8500547369362909	0.5519439657247953	0.624814808675901	-0.002503314099874	0.0023520823143963	-0.0004978559847943	5.33	3.531	0.227	7377916.0	635086800.0	159775725.0	0.6464	0.1494	0.1	158074.0	28833370.0	67830000.0	4.2	2.5333	2.5	-71214.0	17322290000000.0	-1464246000000.0
122.1296	1334.82	143.2205556	-0.0061271210231295	-0.014377499918738	-0.0208144739135995	-0.0082503788956085	-0.01468735289047	0.0064369739948615	0.8746710762198678	0.5389520666446259	0.6371530188705796	-0.006817517007791	-0.0213558287255475	-0.0757636938781454	5.13	3.529	0.227	7377916.0	635086800.0	159775725.0	0.6464	0.1494	0.1	158314.0	28833370.0	67830000.0	4.1	2.5333	2.5	-81498.0	17322290000000.0	-1464246000000.0
123.831	1361.0	149.6263636	0.0138349568028246	0.0194232723683684	0.0437554883691726	0.0055883155655438	0.0299205315663479	-0.0243322160008041	0.8849954951260168	0.6150809418476272	0.680373874386129	-0.0061271210231295	-0.014377499918738	-0.0208144739135995	4.83	3.321	0.227	7456295.5	650046500.0	161589075.0	0.6464	0.1494	0.1	158358.0	28569800.0	68043340.0	4.1	3.0333	2.5	-74250.0	20457530000000.0	-907180000000.0
126.5329	1393.38	154.0355556	0.0215846206223657	0.0235127264613206	0.0290421789974022	0.0019281058389548	0.0074575583750364	-0.0055294525360816	0.8519852877404351	0.7508408258603749	0.8557964064794823	0.0138349568028246	0.0194232723683684	0.0437554883691726	4.64	3.245	0.227	7456295.5	650046500.0	161589075.0	0.6464	0.1494	0.1	158619.0	28569800.0	68043340.0	4.2	3.0333	2.5	-79752.0	20457530000000.0	-907180000000.0
127.814	1434.42	152.5175	0.0100737287053105	0.0290281361930349	-0.009904112722225	0.0189544074877243	-0.0199778414275355	0.0389322489152599	0.8468515880557742	0.6650746186374243	0.7088909963108689	0.0215846206223657	0.0235127264613206	0.0290421789974022	4.48	3.055	0.227	7456295.5	650046500.0	161589075.0	0.6464	0.1494	0.1	158942.0	28569800.0	68043340.0	4.1	3.0333	2.5	-96948.0	20457530000000.0	-907180000000.0
129.0413	1455.79	156.4088235	0.0095564260521676	0.0147881222793211	0.0251938991982045	0.0052316962271534	0.0156374731460369	-0.0104057769188834	0.866445271458555	0.6810920520923951	0.7122384388962105	0.0100737287053105	0.0290281361930349	-0.009904112722225	4.33	3.053	0.293	7510528.3	647226700.0	162969000.0	0.6464	0.1494	0.1	159053.0	28215300.0	68170000.0	4.0	2.8333	2.4667	-128801.0	15418130000000.0	-1009619000000.0
128.0665	1445.56	151.9658824	-0.0075828479017614	-0.0070519188615056	-0.0288172050031878	0.0005309290402557	-0.0212343571014264	0.0217652861416821	0.8763138529075716	0.7145898720336322	0.7447522621481258	0.0095564260521676	0.0147881222793211	0.0251938991982045	4.33	2.965	0.478	7510528.3	647226700.0	162969000.0	0.6464	0.1494	0.1	159155.0	28215300.0	68170000.0	4.2	2.8333	2.4667	-120278.0	15418130000000.0	-1009619000000.0
126.4864	1456.95	149.175	-0.0124148677534314	0.0078484197928121	-0.0185359243489502	0.0202632875462436	-0.0061210565955187	0.0263843441417623	0.7764277811274911	0.7240548814273866	0.7402750572808454	-0.0075828479017614	-0.0070519188615056	-0.0288172050031878	4.33	2.754	0.477	7510528.3	647226700.0	162969000.0	0.6464	0.1494	0.1	159275.0	28215300.0	68170000.0	4.2	2.8333	2.4667	-136419.0	15418130000000.0	-1009619000000.0
124.4557	1444.31	144.3871429	-0.0161849632150898	-0.0087135106639975	-0.0326219290021887	0.0074714525510923	-0.0164369657870988	0.0239084183381912	0.7761773192890371	0.7269235332981145	0.7416029894683442	-0.0124148677534314	0.0078484197928121	-0.0185359243489502	4.33	2.769	0.477	7621432.3	660025800.0	166336600.0	0.6464	0.1494	0.1	159433.0	29045800.0	68243340.0	4.2	2.6667	2.5	-60574.0	28622090000000.0	-748661000000.0
122.6869	1394.49	144.8789474	-0.0143142477405033	-0.0351029418396624	0.0034003638197823	-0.020788694099159	0.0177146115602857	-0.0385033056594448	0.7931651436517975	0.6800504309820122	0.5774860172726519	-0.0161849632150898	-0.0087135106639975	-0.0326219290021887	4.33	2.738	0.477	7621432.3	660025800.0	166336600.0	0.6464	0.1494	0.1	159452.0	29045800.0	68243340.0	4.3	2.6667	2.5	-71052.0	28622090000000.0	-748661000000.0
120.9747	1366.95	144.458	-0.014054148725858	-0.0199467764025431	-0.0029097403617592	-0.005892627676685	0.0111444083640988	-0.0170370360407838	0.8181892005477175	0.6286426023203368	0.527496295744003	-0.0143142477405033	-0.0351029418396624	0.0034003638197823	4.33	2.52	0.477	7621432.3	660025800.0	166336600.0	0.6464	0.1494	0.1	159439.0	29045800.0	68243340.0	4.1	2.6667	2.5	-58185.0	28622090000000.0	-748661000000.0
120.5266	1375.22	146.8109524	-0.0037109573674314	0.0060317376917913	0.0161569131628516	0.0097426950592227	0.019867870530283	-0.0101251754710602	0.8110585509151269	0.6077538058241444	0.5329029849861312	-0.014054148725858	-0.0199467764025431	-0.0029097403617592	4.33	2.5	0.478	7774506.8	664424900.0	166252425.0	0.6464	0.1494	0.1	159511.0	29049670.0	68250000.0	4.3	2.5333	2.5	-74399.0	29555660000000.0	-607305000000.0
120.9844	1389.66	147.67	0.0037911362076172	0.0104453945856386	0.0058343334588508	0.0066542583780213	0.0020431972512335	0.0046110611267877	0.8264156668422764	0.7220301593367808	0.4531035755011657	-0.0037109573674314	0.0060317376917913	0.0161569131628516	4.33	2.506	0.477	7774506.8	664424900.0	166252425.0	0.6464	0.1494	0.1	159485.0	29049670.0	68250000.0	4.3	2.5333	2.5	-55629.0	29555660000000.0	-607305000000.0
120.4534	1391.83	147.97	-0.0043986555225101	0.0015603151118668	0.0020294960287605	0.005958970634377	0.0064281515512707	-0.0004691809168937	0.8300848424715684	0.7207945228010435	0.4084088557228112	0.0037911362076172	0.0104453945856386	0.0058343334588508	4.22	2.526	0.477	7774506.8	664424900.0	166252425.0	0.6464	0.1494	0.1	159593.0	29049670.0	68250000.0	4.4	2.5333	2.5	-48137.0	29555660000000.0	-607305000000.0
121.1712	1423.36	151.28	0.0059414654930636	0.0224008457425108	0.0221228738357588	0.0164593802494472	0.0161814083426952	0.000277971906752	0.8230731163478481	0.6824011989534835	0.3917711615146797	-0.0043986555225101	0.0015603151118668	0.0020294960287605	4.09	2.516	0.477	7774506.8	664424900.0	166252425.0	0.6464	0.1494	0.1	159420.0	29049670.0	68250000.0	4.4	2.5333	2.5	-29206.0	29555660000000.0	-607305000000.0
121.8038	1457.77	155.0	0.0052071318396604	0.0238875970397201	0.0242926925690447	0.0186804652000596	0.0190855607293842	-0.0004050955293246	0.8460782222894973	0.6238753050723799	0.3813809546060726	0.0059414654930636	0.0224008457425108	0.0221228738357588	3.88	2.512	0.478	7774506.8	664424900.0	166252425.0	0.6464	0.1494	0.1	159476.0	29049670.0	68250000.0	4.5	2.5333	2.5	-56825.0	29555660000000.0	-607305000000.0
120.5723	1467.4	155.89	-0.0101619804728212	0.0065842564981197	0.0057255134053431	0.016746236970941	0.0158874938781643	0.0008587430927766	0.7796849428122896	0.7510269702072937	0.5063245154803586	0.0052071318396604	0.0238875970397201	0.0242926925690447	3.72	2.53	0.557	7774506.8	664424900.0	166252425.0	0.6464	0.1494	0.1	159526.0	29049670.0	68250000.0	4.4	2.5333	2.5	-56825.0	29555660000000.0	-607305000000.0
